4 23 0 3
50.362330 30.443660 Кібцентр
50.447133 30.455596 КПІ
50.341315 30.894170 Бориспіль
50.511765 31.040994 Гоголів
50.478404 30.506887 5
50.498841 30.523816 6
50.508222 30.630811 7
50.460862 30.649951 8
50.379307 30.573624 9
50.334877 30.571261 10
50.363888 30.577941 11
50.415803 30.612011 12
50.410850 30.576544 13
50.382149 30.664148 14
50.472196 30.550703 x
50.459524 30.525521 x
50.478328 30.506661 x
50.460423 30.415929 x
50.439330 30.404943 x
50.426451 30.373287 x
50.374409 30.615389 15
50.376951 30.949898 16
50.303762 30.852284 17
50.350858 30.953390 18
50.536681 30.849320 19
50.687398 31.111887 20
50.369928 31.322535 21
70 45 a
80 45 b
90 45 c
